550 0
549.96 2.8796
549.84 5.7581
549.64 8.6344
549.35 11.507
548.99 14.376
548.55 17.239
548.02 20.095
547.42 22.944
546.74 25.783
545.97 28.613
545.13 31.432
544.21 34.239
543.21 37.033
542.14 39.812
540.99 42.576
539.76 45.325
538.45 48.056
537.07 50.768
535.62 53.462
534.09 56.135
532.49 58.787
530.82 61.417
529.07 64.025
527.26 66.608
525.37 69.166
523.42 71.699
521.4 74.206
519.31 76.685
517.15 79.135
514.93 81.558
512.65 83.95
510.31 86.312
507.9 88.643
505.43 90.942
502.91 93.208
500.32 95.442
497.68 97.642
494.99 99.807
492.24 101.94
489.44 104.03
486.58 106.09
483.68 108.11
480.73 110.1
477.73 112.05
474.68 113.96
471.59 115.83
468.46 117.67
465.28 119.46
462.07 121.22
458.81 122.94
455.52 124.62
452.2 126.26
448.84 127.86
445.45 129.41
442.03 130.93
438.57 132.41
435.09 133.85
431.59 135.25
428.06 136.61
424.51 137.93
420.93 139.21
417.34 140.45
413.73 141.65
410.1 142.81
406.45 143.93
402.8 145.02
399.13 146.06
395.45 147.07
391.76 148.04
388.07 148.97
384.37 149.86
380.67 150.72
376.96 151.54
373.26 152.32
369.55 153.07
365.85 153.79
362.15 154.47
358.46 155.12
354.77 155.73
351.09 156.32
347.43 156.87
343.77 157.39
340.13 157.88
336.5 158.34
332.89 158.78
329.29 159.18
325.71 159.56
322.15 159.92
318.62 160.25
315.1 160.55
311.61 160.83
308.15 161.09
304.71 161.33
301.29 161.55
297.91 161.75
294.56 161.93
291.23 162.1
287.94 162.25
284.68 162.38
281.46 162.5
278.27 162.61
275.12 162.7
272 162.79
268.92 162.86
265.88 162.93
262.88 162.99
259.92 163.05
257 163.1
254.13 163.15
251.29 163.19
248.5 163.23
245.75 163.28
243.05 163.32
240.39 163.37
237.78 163.42
235.22 163.48
232.7 163.54
230.23 163.62
227.81 163.7
225.43 163.78
223.1 163.89
220.82 164
218.59 164.13
216.41 164.27
214.28 164.42
212.2 164.6
210.17 164.79
208.18 165
206.25 165.24
204.36 165.49
202.53 165.77
200.74 166.07
199.01 166.4
197.32 166.75
195.68 167.13
194.1 167.54
192.55 167.98
191.06 168.44
189.62 168.94
188.22 169.48
186.87 170.04
185.57 170.64
184.31 171.28
183.1 171.95
181.94 172.65
180.82 173.4
179.74 174.18
178.71 175.01
177.72 175.87
176.78 176.78
175.87 177.72
175.01 178.71
174.18 179.74
173.4 180.82
172.65 181.94
171.95 183.1
171.28 184.31
170.64 185.57
170.04 186.87
169.48 188.22
168.94 189.62
168.44 191.06
167.98 192.55
167.54 194.1
167.13 195.68
166.75 197.32
166.4 199.01
166.07 200.74
165.77 202.53
165.49 204.36
165.24 206.25
165 208.18
164.79 210.17
164.6 212.2
164.42 214.28
164.27 216.41
164.13 218.59
164 220.82
163.89 223.1
163.78 225.43
163.7 227.81
163.62 230.23
163.54 232.7
163.48 235.22
163.42 237.78
163.37 240.39
163.32 243.05
163.28 245.75
163.23 248.5
163.19 251.29
163.15 254.13
163.1 257
163.05 259.92
162.99 262.88
162.93 265.88
162.86 268.92
162.79 272
162.7 275.12
162.61 278.27
162.5 281.46
162.38 284.68
162.25 287.94
162.1 291.23
161.93 294.56
161.75 297.91
161.55 301.29
161.33 304.71
161.09 308.15
160.83 311.61
160.55 315.1
160.25 318.62
159.92 322.15
159.56 325.71
159.18 329.29
158.78 332.89
158.34 336.5
157.88 340.13
157.39 343.77
156.87 347.43
156.32 351.09
155.73 354.77
155.12 358.46
154.47 362.15
153.79 365.85
153.07 369.55
152.32 373.26
151.54 376.96
150.72 380.67
149.86 384.37
148.97 388.07
148.04 391.76
147.07 395.45
146.06 399.13
145.02 402.8
143.93 406.45
142.81 410.1
141.65 413.73
140.45 417.34
139.21 420.93
137.93 424.51
136.61 428.06
135.25 431.59
133.85 435.09
132.41 438.57
130.93 442.03
129.41 445.45
127.86 448.84
126.26 452.2
124.62 455.52
122.94 458.81
121.22 462.07
119.46 465.28
117.67 468.46
115.83 471.59
113.96 474.68
112.05 477.73
110.1 480.73
108.11 483.68
106.09 486.58
104.03 489.44
101.94 492.24
99.807 494.99
97.642 497.68
95.442 500.32
93.208 502.91
90.942 505.43
88.643 507.9
86.312 510.31
83.95 512.65
81.558 514.93
79.135 517.15
76.685 519.31
74.206 521.4
71.699 523.42
69.166 525.37
66.608 527.26
64.025 529.07
61.417 530.82
58.787 532.49
56.135 534.09
53.462 535.62
50.768 537.07
48.056 538.45
45.325 539.76
42.576 540.99
39.812 542.14
37.033 543.21
34.239 544.21
31.432 545.13
28.613 545.97
25.783 546.74
22.944 547.42
20.095 548.02
17.239 548.55
14.376 548.99
11.507 549.35
8.6344 549.64
5.7581 549.84
2.8796 549.96
1.558e-013 550
-2.8796 549.96
-5.7581 549.84
-8.6344 549.64
-11.507 549.35
-14.376 548.99
-17.239 548.55
-20.095 548.02
-22.944 547.42
-25.783 546.74
-28.613 545.97
-31.432 545.13
-34.239 544.21
-37.033 543.21
-39.812 542.14
-42.576 540.99
-45.325 539.76
-48.056 538.45
-50.768 537.07
-53.462 535.62
-56.135 534.09
-58.787 532.49
-61.417 530.82
-64.025 529.07
-66.608 527.26
-69.166 525.37
-71.699 523.42
-74.206 521.4
-76.685 519.31
-79.135 517.15
-81.558 514.93
-83.95 512.65
-86.312 510.31
-88.643 507.9
-90.942 505.43
-93.208 502.91
-95.442 500.32
-97.642 497.68
-99.807 494.99
-101.94 492.24
-104.03 489.44
-106.09 486.58
-108.11 483.68
-110.1 480.73
-112.05 477.73
-113.96 474.68
-115.83 471.59
-117.67 468.46
-119.46 465.28
-121.22 462.07
-122.94 458.81
-124.62 455.52
-126.26 452.2
-127.86 448.84
-129.41 445.45
-130.93 442.03
-132.41 438.57
-133.85 435.09
-135.25 431.59
-136.61 428.06
-137.93 424.51
-139.21 420.93
-140.45 417.34
-141.65 413.73
-142.81 410.1
-143.93 406.45
-145.02 402.8
-146.06 399.13
-147.07 395.45
-148.04 391.76
-148.97 388.07
-149.86 384.37
-150.72 380.67
-151.54 376.96
-152.32 373.26
-153.07 369.55
-153.79 365.85
-154.47 362.15
-155.12 358.46
-155.73 354.77
-156.32 351.09
-156.87 347.43
-157.39 343.77
-157.88 340.13
-158.34 336.5
-158.78 332.89
-159.18 329.29
-159.56 325.71
-159.92 322.15
-160.25 318.62
-160.55 315.1
-160.83 311.61
-161.09 308.15
-161.33 304.71
-161.55 301.29
-161.75 297.91
-161.93 294.56
-162.1 291.23
-162.25 287.94
-162.38 284.68
-162.5 281.46
-162.61 278.27
-162.7 275.12
-162.79 272
-162.86 268.92
-162.93 265.88
-162.99 262.88
-163.05 259.92
-163.1 257
-163.15 254.13
-163.19 251.29
-163.23 248.5
-163.28 245.75
-163.32 243.05
-163.37 240.39
-163.42 237.78
-163.48 235.22
-163.54 232.7
-163.62 230.23
-163.7 227.81
-163.78 225.43
-163.89 223.1
-164 220.82
-164.13 218.59
-164.27 216.41
-164.42 214.28
-164.6 212.2
-164.79 210.17
-165 208.18
-165.24 206.25
-165.49 204.36
-165.77 202.53
-166.07 200.74
-166.4 199.01
-166.75 197.32
-167.13 195.68
-167.54 194.1
-167.98 192.55
-168.44 191.06
-168.94 189.62
-169.48 188.22
-170.04 186.87
-170.64 185.57
-171.28 184.31
-171.95 183.1
-172.65 181.94
-173.4 180.82
-174.18 179.74
-175.01 178.71
-175.87 177.72
-176.78 176.78
-177.72 175.87
-178.71 175.01
-179.74 174.18
-180.82 173.4
-181.94 172.65
-183.1 171.95
-184.31 171.28
-185.57 170.64
-186.87 170.04
-188.22 169.48
-189.62 168.94
-191.06 168.44
-192.55 167.98
-194.1 167.54
-195.68 167.13
-197.32 166.75
-199.01 166.4
-200.74 166.07
-202.53 165.77
-204.36 165.49
-206.25 165.24
-208.18 165
-210.17 164.79
-212.2 164.6
-214.28 164.42
-216.41 164.27
-218.59 164.13
-220.82 164
-223.1 163.89
-225.43 163.78
-227.81 163.7
-230.23 163.62
-232.7 163.54
-235.22 163.48
-237.78 163.42
-240.39 163.37
-243.05 163.32
-245.75 163.28
-248.5 163.23
-251.29 163.19
-254.13 163.15
-257 163.1
-259.92 163.05
-262.88 162.99
-265.88 162.93
-268.92 162.86
-272 162.79
-275.12 162.7
-278.27 162.61
-281.46 162.5
-284.68 162.38
-287.94 162.25
-291.23 162.1
-294.56 161.93
-297.91 161.75
-301.29 161.55
-304.71 161.33
-308.15 161.09
-311.61 160.83
-315.1 160.55
-318.62 160.25
-322.15 159.92
-325.71 159.56
-329.29 159.18
-332.89 158.78
-336.5 158.34
-340.13 157.88
-343.77 157.39
-347.43 156.87
-351.09 156.32
-354.77 155.73
-358.46 155.12
-362.15 154.47
-365.85 153.79
-369.55 153.07
-373.26 152.32
-376.96 151.54
-380.67 150.72
-384.37 149.86
-388.07 148.97
-391.76 148.04
-395.45 147.07
-399.13 146.06
-402.8 145.02
-406.45 143.93
-410.1 142.81
-413.73 141.65
-417.34 140.45
-420.93 139.21
-424.51 137.93
-428.06 136.61
-431.59 135.25
-435.09 133.85
-438.57 132.41
-442.03 130.93
-445.45 129.41
-448.84 127.86
-452.2 126.26
-455.52 124.62
-458.81 122.94
-462.07 121.22
-465.28 119.46
-468.46 117.67
-471.59 115.83
-474.68 113.96
-477.73 112.05
-480.73 110.1
-483.68 108.11
-486.58 106.09
-489.44 104.03
-492.24 101.94
-494.99 99.807
-497.68 97.642
-500.32 95.442
-502.91 93.208
-505.43 90.942
-507.9 88.643
-510.31 86.312
-512.65 83.95
-514.93 81.558
-517.15 79.135
-519.31 76.685
-521.4 74.206
-523.42 71.699
-525.37 69.166
-527.26 66.608
-529.07 64.025
-530.82 61.417
-532.49 58.787
-534.09 56.135
-535.62 53.462
-537.07 50.768
-538.45 48.056
-539.76 45.325
-540.99 42.576
-542.14 39.812
-543.21 37.033
-544.21 34.239
-545.13 31.432
-545.97 28.613
-546.74 25.783
-547.42 22.944
-548.02 20.095
-548.55 17.239
-548.99 14.376
-549.35 11.507
-549.64 8.6344
-549.84 5.7581
-549.96 2.8796
-549.96 -2.8796
-549.84 -5.7581
-549.64 -8.6344
-549.35 -11.507
-548.99 -14.376
-548.55 -17.239
-548.02 -20.095
-547.42 -22.944
-546.74 -25.783
-545.97 -28.613
-545.13 -31.432
-544.21 -34.239
-543.21 -37.033
-542.14 -39.812
-540.99 -42.576
-539.76 -45.325
-538.45 -48.056
-537.07 -50.768
-535.62 -53.462
-534.09 -56.135
-532.49 -58.787
-530.82 -61.417
-529.07 -64.025
-527.26 -66.608
-525.37 -69.166
-523.42 -71.699
-521.4 -74.206
-519.31 -76.685
-517.15 -79.135
-514.93 -81.558
-512.65 -83.95
-510.31 -86.312
-507.9 -88.643
-505.43 -90.942
-502.91 -93.208
-500.32 -95.442
-497.68 -97.642
-494.99 -99.807
-492.24 -101.94
-489.44 -104.03
-486.58 -106.09
-483.68 -108.11
-480.73 -110.1
-477.73 -112.05
-474.68 -113.96
-471.59 -115.83
-468.46 -117.67
-465.28 -119.46
-462.07 -121.22
-458.81 -122.94
-455.52 -124.62
-452.2 -126.26
-448.84 -127.86
-445.45 -129.41
-442.03 -130.93
-438.57 -132.41
-435.09 -133.85
-431.59 -135.25
-428.06 -136.61
-424.51 -137.93
-420.93 -139.21
-417.34 -140.45
-413.73 -141.65
-410.1 -142.81
-406.45 -143.93
-402.8 -145.02
-399.13 -146.06
-395.45 -147.07
-391.76 -148.04
-388.07 -148.97
-384.37 -149.86
-380.67 -150.72
-376.96 -151.54
-373.26 -152.32
-369.55 -153.07
-365.85 -153.79
-362.15 -154.47
-358.46 -155.12
-354.77 -155.73
-351.09 -156.32
-347.43 -156.87
-343.77 -157.39
-340.13 -157.88
-336.5 -158.34
-332.89 -158.78
-329.29 -159.18
-325.71 -159.56
-322.15 -159.92
-318.62 -160.25
-315.1 -160.55
-311.61 -160.83
-308.15 -161.09
-304.71 -161.33
-301.29 -161.55
-297.91 -161.75
-294.56 -161.93
-291.23 -162.1
-287.94 -162.25
-284.68 -162.38
-281.46 -162.5
-278.27 -162.61
-275.12 -162.7
-272 -162.79
-268.92 -162.86
-265.88 -162.93
-262.88 -162.99
-259.92 -163.05
-257 -163.1
-254.13 -163.15
-251.29 -163.19
-248.5 -163.23
-245.75 -163.28
-243.05 -163.32
-240.39 -163.37
-237.78 -163.42
-235.22 -163.48
-232.7 -163.54
-230.23 -163.62
-227.81 -163.7
-225.43 -163.78
-223.1 -163.89
-220.82 -164
-218.59 -164.13
-216.41 -164.27
-214.28 -164.42
-212.2 -164.6
-210.17 -164.79
-208.18 -165
-206.25 -165.24
-204.36 -165.49
-202.53 -165.77
-200.74 -166.07
-199.01 -166.4
-197.32 -166.75
-195.68 -167.13
-194.1 -167.54
-192.55 -167.98
-191.06 -168.44
-189.62 -168.94
-188.22 -169.48
-186.87 -170.04
-185.57 -170.64
-184.31 -171.28
-183.1 -171.95
-181.94 -172.65
-180.82 -173.4
-179.74 -174.18
-178.71 -175.01
-177.72 -175.87
-176.78 -176.78
-175.87 -177.72
-175.01 -178.71
-174.18 -179.74
-173.4 -180.82
-172.65 -181.94
-171.95 -183.1
-171.28 -184.31
-170.64 -185.57
-170.04 -186.87
-169.48 -188.22
-168.94 -189.62
-168.44 -191.06
-167.98 -192.55
-167.54 -194.1
-167.13 -195.68
-166.75 -197.32
-166.4 -199.01
-166.07 -200.74
-165.77 -202.53
-165.49 -204.36
-165.24 -206.25
-165 -208.18
-164.79 -210.17
-164.6 -212.2
-164.42 -214.28
-164.27 -216.41
-164.13 -218.59
-164 -220.82
-163.89 -223.1
-163.78 -225.43
-163.7 -227.81
-163.62 -230.23
-163.54 -232.7
-163.48 -235.22
-163.42 -237.78
-163.37 -240.39
-163.32 -243.05
-163.28 -245.75
-163.23 -248.5
-163.19 -251.29
-163.15 -254.13
-163.1 -257
-163.05 -259.92
-162.99 -262.88
-162.93 -265.88
-162.86 -268.92
-162.79 -272
-162.7 -275.12
-162.61 -278.27
-162.5 -281.46
-162.38 -284.68
-162.25 -287.94
-162.1 -291.23
-161.93 -294.56
-161.75 -297.91
-161.55 -301.29
-161.33 -304.71
-161.09 -308.15
-160.83 -311.61
-160.55 -315.1
-160.25 -318.62
-159.92 -322.15
-159.56 -325.71
-159.18 -329.29
-158.78 -332.89
-158.34 -336.5
-157.88 -340.13
-157.39 -343.77
-156.87 -347.43
-156.32 -351.09
-155.73 -354.77
-155.12 -358.46
-154.47 -362.15
-153.79 -365.85
-153.07 -369.55
-152.32 -373.26
-151.54 -376.96
-150.72 -380.67
-149.86 -384.37
-148.97 -388.07
-148.04 -391.76
-147.07 -395.45
-146.06 -399.13
-145.02 -402.8
-143.93 -406.45
-142.81 -410.1
-141.65 -413.73
-140.45 -417.34
-139.21 -420.93
-137.93 -424.51
-136.61 -428.06
-135.25 -431.59
-133.85 -435.09
-132.41 -438.57
-130.93 -442.03
-129.41 -445.45
-127.86 -448.84
-126.26 -452.2
-124.62 -455.52
-122.94 -458.81
-121.22 -462.07
-119.46 -465.28
-117.67 -468.46
-115.83 -471.59
-113.96 -474.68
-112.05 -477.73
-110.1 -480.73
-108.11 -483.68
-106.09 -486.58
-104.03 -489.44
-101.94 -492.24
-99.807 -494.99
-97.642 -497.68
-95.442 -500.32
-93.208 -502.91
-90.942 -505.43
-88.643 -507.9
-86.312 -510.31
-83.95 -512.65
-81.558 -514.93
-79.135 -517.15
-76.685 -519.31
-74.206 -521.4
-71.699 -523.42
-69.166 -525.37
-66.608 -527.26
-64.025 -529.07
-61.417 -530.82
-58.787 -532.49
-56.135 -534.09
-53.462 -535.62
-50.768 -537.07
-48.056 -538.45
-45.325 -539.76
-42.576 -540.99
-39.812 -542.14
-37.033 -543.21
-34.239 -544.21
-31.432 -545.13
-28.613 -545.97
-25.783 -546.74
-22.944 -547.42
-20.095 -548.02
-17.239 -548.55
-14.376 -548.99
-11.507 -549.35
-8.6344 -549.64
-5.7581 -549.84
-2.8796 -549.96
2.8796 -549.96
5.7581 -549.84
8.6344 -549.64
11.507 -549.35
14.376 -548.99
17.239 -548.55
20.095 -548.02
22.944 -547.42
25.783 -546.74
28.613 -545.97
31.432 -545.13
34.239 -544.21
37.033 -543.21
39.812 -542.14
42.576 -540.99
45.325 -539.76
48.056 -538.45
50.768 -537.07
53.462 -535.62
56.135 -534.09
58.787 -532.49
61.417 -530.82
64.025 -529.07
66.608 -527.26
69.166 -525.37
71.699 -523.42
74.206 -521.4
76.685 -519.31
79.135 -517.15
81.558 -514.93
83.95 -512.65
86.312 -510.31
88.643 -507.9
90.942 -505.43
93.208 -502.91
95.442 -500.32
97.642 -497.68
99.807 -494.99
101.94 -492.24
104.03 -489.44
106.09 -486.58
108.11 -483.68
110.1 -480.73
112.05 -477.73
113.96 -474.68
115.83 -471.59
117.67 -468.46
119.46 -465.28
121.22 -462.07
122.94 -458.81
124.62 -455.52
126.26 -452.2
127.86 -448.84
129.41 -445.45
130.93 -442.03
132.41 -438.57
133.85 -435.09
135.25 -431.59
136.61 -428.06
137.93 -424.51
139.21 -420.93
140.45 -417.34
141.65 -413.73
142.81 -410.1
143.93 -406.45
145.02 -402.8
146.06 -399.13
147.07 -395.45
148.04 -391.76
148.97 -388.07
149.86 -384.37
150.72 -380.67
151.54 -376.96
152.32 -373.26
153.07 -369.55
153.79 -365.85
154.47 -362.15
155.12 -358.46
155.73 -354.77
156.32 -351.09
156.87 -347.43
157.39 -343.77
157.88 -340.13
158.34 -336.5
158.78 -332.89
159.18 -329.29
159.56 -325.71
159.92 -322.15
160.25 -318.62
160.55 -315.1
160.83 -311.61
161.09 -308.15
161.33 -304.71
161.55 -301.29
161.75 -297.91
161.93 -294.56
162.1 -291.23
162.25 -287.94
162.38 -284.68
162.5 -281.46
162.61 -278.27
162.7 -275.12
162.79 -272
162.86 -268.92
162.93 -265.88
162.99 -262.88
163.05 -259.92
163.1 -257
163.15 -254.13
163.19 -251.29
163.23 -248.5
163.28 -245.75
163.32 -243.05
163.37 -240.39
163.42 -237.78
163.48 -235.22
163.54 -232.7
163.62 -230.23
163.7 -227.81
163.78 -225.43
163.89 -223.1
164 -220.82
164.13 -218.59
164.27 -216.41
164.42 -214.28
164.6 -212.2
164.79 -210.17
165 -208.18
165.24 -206.25
165.49 -204.36
165.77 -202.53
166.07 -200.74
166.4 -199.01
166.75 -197.32
167.13 -195.68
167.54 -194.1
167.98 -192.55
168.44 -191.06
168.94 -189.62
169.48 -188.22
170.04 -186.87
170.64 -185.57
171.28 -184.31
171.95 -183.1
172.65 -181.94
173.4 -180.82
174.18 -179.74
175.01 -178.71
175.87 -177.72
176.78 -176.78
177.72 -175.87
178.71 -175.01
179.74 -174.18
180.82 -173.4
181.94 -172.65
183.1 -171.95
184.31 -171.28
185.57 -170.64
186.87 -170.04
188.22 -169.48
189.62 -168.94
191.06 -168.44
192.55 -167.98
194.1 -167.54
195.68 -167.13
197.32 -166.75
199.01 -166.4
200.74 -166.07
202.53 -165.77
204.36 -165.49
206.25 -165.24
208.18 -165
210.17 -164.79
212.2 -164.6
214.28 -164.42
216.41 -164.27
218.59 -164.13
220.82 -164
223.1 -163.89
225.43 -163.78
227.81 -163.7
230.23 -163.62
232.7 -163.54
235.22 -163.48
237.78 -163.42
240.39 -163.37
243.05 -163.32
245.75 -163.28
248.5 -163.23
251.29 -163.19
254.13 -163.15
257 -163.1
259.92 -163.05
262.88 -162.99
265.88 -162.93
268.92 -162.86
272 -162.79
275.12 -162.7
278.27 -162.61
281.46 -162.5
284.68 -162.38
287.94 -162.25
291.23 -162.1
294.56 -161.93
297.91 -161.75
301.29 -161.55
304.71 -161.33
308.15 -161.09
311.61 -160.83
315.1 -160.55
318.62 -160.25
322.15 -159.92
325.71 -159.56
329.29 -159.18
332.89 -158.78
336.5 -158.34
340.13 -157.88
343.77 -157.39
347.43 -156.87
351.09 -156.32
354.77 -155.73
358.46 -155.12
362.15 -154.47
365.85 -153.79
369.55 -153.07
373.26 -152.32
376.96 -151.54
380.67 -150.72
384.37 -149.86
388.07 -148.97
391.76 -148.04
395.45 -147.07
399.13 -146.06
402.8 -145.02
406.45 -143.93
410.1 -142.81
413.73 -141.65
417.34 -140.45
420.93 -139.21
424.51 -137.93
428.06 -136.61
431.59 -135.25
435.09 -133.85
438.57 -132.41
442.03 -130.93
445.45 -129.41
448.84 -127.86
452.2 -126.26
455.52 -124.62
458.81 -122.94
462.07 -121.22
465.28 -119.46
468.46 -117.67
471.59 -115.83
474.68 -113.96
477.73 -112.05
480.73 -110.1
483.68 -108.11
486.58 -106.09
489.44 -104.03
492.24 -101.94
494.99 -99.807
497.68 -97.642
500.32 -95.442
502.91 -93.208
505.43 -90.942
507.9 -88.643
510.31 -86.312
512.65 -83.95
514.93 -81.558
517.15 -79.135
519.31 -76.685
521.4 -74.206
523.42 -71.699
525.37 -69.166
527.26 -66.608
529.07 -64.025
530.82 -61.417
532.49 -58.787
534.09 -56.135
535.62 -53.462
537.07 -50.768
538.45 -48.056
539.76 -45.325
540.99 -42.576
542.14 -39.812
543.21 -37.033
544.21 -34.239
545.13 -31.432
545.97 -28.613
546.74 -25.783
547.42 -22.944
548.02 -20.095
548.55 -17.239
548.99 -14.376
549.35 -11.507
549.64 -8.6344
549.84 -5.7581
549.96 -2.8796
